(kicad_pcb (version 20171130) (host pcbnew "(5.1.2)-2")

  (general
    (thickness 1.6)
    (drawings 113)
    (tracks 375)
    (zones 0)
    (modules 86)
    (nets 83)
  )

  (page A4)
  (layers
    (0 F.Cu signal)
    (31 B.Cu signal)
    (32 B.Adhes user)
    (33 F.Adhes user)
    (34 B.Paste user)
    (35 F.Paste user)
    (36 B.SilkS user)
    (37 F.SilkS user)
    (38 B.Mask user)
    (39 F.Mask user)
    (40 Dwgs.User user)
    (41 Cmts.User user)
    (42 Eco1.User user hide)
    (43 Eco2.User user hide)
    (44 Edge.Cuts user)
    (45 Margin user)
    (46 B.CrtYd user)
    (47 F.CrtYd user)
    (48 B.Fab user hide)
    (49 F.Fab user)
  )

  (setup
    (last_trace_width 0.25)
    (user_trace_width 0.39)
    (trace_clearance 0.2)
    (zone_clearance 0.508)
    (zone_45_only no)
    (trace_min 0.2)
    (via_size 0.8)
    (via_drill 0.4)
    (via_min_size 0.4)
    (via_min_drill 0.3)
    (uvia_size 0.3)
    (uvia_drill 0.1)
    (uvias_allowed no)
    (uvia_min_size 0.2)
    (uvia_min_drill 0.1)
    (edge_width 0.05)
    (segment_width 0.2)
    (pcb_text_width 0.3)
    (pcb_text_size 1.5 1.5)
    (mod_edge_width 0.12)
    (mod_text_size 1 1)
    (mod_text_width 0.15)
    (pad_size 1.7 1.7)
    (pad_drill 1)
    (pad_to_mask_clearance 0.051)
    (solder_mask_min_width 0.25)
    (aux_axis_origin 0 0)
    (visible_elements 7FFFFFFF)
    (pcbplotparams
      (layerselection 0x010fc_ffffffff)
      (usegerberextensions false)
      (usegerberattributes false)
      (usegerberadvancedattributes false)
      (creategerberjobfile false)
      (excludeedgelayer true)
      (linewidth 0.100000)
      (plotframeref false)
      (viasonmask false)
      (mode 1)
      (useauxorigin false)
      (hpglpennumber 1)
      (hpglpenspeed 20)
      (hpglpendiameter 15.000000)
      (psnegative false)
      (psa4output false)
      (plotreference true)
      (plotvalue true)
      (plotinvisibletext false)
      (padsonsilk false)
      (subtractmaskfromsilk false)
      (outputformat 1)
      (mirror false)
      (drillshape 1)
      (scaleselection 1)
      (outputdirectory ""))
  )

  (net 0 "")
  (net 1 RST)
  (net 2 GND)
  (net 3 "Net-(C2-Pad1)")
  (net 4 +5V)
  (net 5 OSC32-IN)
  (net 6 OSC32-OUT)
  (net 7 OSC-IN)
  (net 8 OSC-OUT)
  (net 9 +3V3)
  (net 10 "Net-(C15-Pad2)")
  (net 11 "Net-(C17-Pad2)")
  (net 12 "Net-(C18-Pad2)")
  (net 13 "Net-(C21-Pad2)")
  (net 14 EXT_VCC)
  (net 15 "Net-(D1-Pad2)")
  (net 16 "Net-(D3-Pad2)")
  (net 17 "Net-(D5-Pad2)")
  (net 18 "Net-(D7-Pad2)")
  (net 19 "Net-(D9-Pad1)")
  (net 20 "Net-(J1-Pad2)")
  (net 21 "Net-(J3-Pad2)")
  (net 22 "Net-(J3-Pad3)")
  (net 23 "Net-(J3-Pad4)")
  (net 24 US1_OUT)
  (net 25 US1_IN)
  (net 26 US2_IN)
  (net 27 US2_OUT)
  (net 28 H2)
  (net 29 H1)
  (net 30 "Net-(R2-Pad2)")
  (net 31 BOOT0)
  (net 32 "Net-(R12-Pad2)")
  (net 33 S1)
  (net 34 "Net-(R14-Pad2)")
  (net 35 S2)
  (net 36 "Net-(R16-Pad2)")
  (net 37 S3)
  (net 38 "Net-(R18-Pad2)")
  (net 39 S4)
  (net 40 "Net-(U4-Pad2)")
  (net 41 "Net-(U4-Pad16)")
  (net 42 "Net-(U4-Pad17)")
  (net 43 EnA)
  (net 44 EnB)
  (net 45 "Net-(U4-Pad21)")
  (net 46 "Net-(U4-Pad22)")
  (net 47 "Net-(U4-Pad29)")
  (net 48 "Net-(U4-Pad30)")
  (net 49 "Net-(U4-Pad31)")
  (net 50 M2IN2)
  (net 51 M2IN1)
  (net 52 M1IN2)
  (net 53 M1IN1)
  (net 54 "Net-(U4-Pad42)")
  (net 55 "Net-(U4-Pad43)")
  (net 56 "Net-(U6-Pad3)")
  (net 57 "Net-(U6-Pad18)")
  (net 58 DIO)
  (net 59 CLK)
  (net 60 BOOT1)
  (net 61 BOOT0_B)
  (net 62 BOOT1_B)
  (net 63 5V)
  (net 64 CLK_B)
  (net 65 DIO_B)
  (net 66 USB--)
  (net 67 USB++)
  (net 68 US1P_IN)
  (net 69 US1P_OUT)
  (net 70 US2P_IN)
  (net 71 US2P_OUT)
  (net 72 USB-)
  (net 73 USB+)
  (net 74 "Net-(U4-Pad45)")
  (net 75 "Net-(U4-Pad46)")
  (net 76 3V3)
  (net 77 EnA_B)
  (net 78 M1IN2_B)
  (net 79 M1IN1_B)
  (net 80 M2IN1_B)
  (net 81 M2IN2_B)
  (net 82 EnB_B)

  (net_class Default "This is the default net class."
    (clearance 0.2)
    (trace_width 0.25)
    (via_dia 0.8)
    (via_drill 0.4)
    (uvia_dia 0.3)
    (uvia_drill 0.1)
    (add_net +3V3)
    (add_net +5V)
    (add_net 3V3)
    (add_net 5V)
    (add_net BOOT0)
    (add_net BOOT0_B)
    (add_net BOOT1)
    (add_net BOOT1_B)
    (add_net CLK)
    (add_net CLK_B)
    (add_net DIO)
    (add_net DIO_B)
    (add_net EXT_VCC)
    (add_net EnA)
    (add_net EnA_B)
    (add_net EnB)
    (add_net EnB_B)
    (add_net GND)
    (add_net H1)
    (add_net H2)
    (add_net M1IN1)
    (add_net M1IN1_B)
    (add_net M1IN2)
    (add_net M1IN2_B)
    (add_net M2IN1)
    (add_net M2IN1_B)
    (add_net M2IN2)
    (add_net M2IN2_B)
    (add_net "Net-(C15-Pad2)")
    (add_net "Net-(C17-Pad2)")
    (add_net "Net-(C18-Pad2)")
    (add_net "Net-(C2-Pad1)")
    (add_net "Net-(C21-Pad2)")
    (add_net "Net-(D1-Pad2)")
    (add_net "Net-(D3-Pad2)")
    (add_net "Net-(D5-Pad2)")
    (add_net "Net-(D7-Pad2)")
    (add_net "Net-(D9-Pad1)")
    (add_net "Net-(J1-Pad2)")
    (add_net "Net-(J3-Pad2)")
    (add_net "Net-(J3-Pad3)")
    (add_net "Net-(J3-Pad4)")
    (add_net "Net-(R12-Pad2)")
    (add_net "Net-(R14-Pad2)")
    (add_net "Net-(R16-Pad2)")
    (add_net "Net-(R18-Pad2)")
    (add_net "Net-(R2-Pad2)")
    (add_net "Net-(U4-Pad16)")
    (add_net "Net-(U4-Pad17)")
    (add_net "Net-(U4-Pad2)")
    (add_net "Net-(U4-Pad21)")
    (add_net "Net-(U4-Pad22)")
    (add_net "Net-(U4-Pad29)")
    (add_net "Net-(U4-Pad30)")
    (add_net "Net-(U4-Pad31)")
    (add_net "Net-(U4-Pad42)")
    (add_net "Net-(U4-Pad43)")
    (add_net "Net-(U4-Pad45)")
    (add_net "Net-(U4-Pad46)")
    (add_net "Net-(U6-Pad18)")
    (add_net "Net-(U6-Pad3)")
    (add_net OSC-IN)
    (add_net OSC-OUT)
    (add_net OSC32-IN)
    (add_net OSC32-OUT)
    (add_net RST)
    (add_net S1)
    (add_net S2)
    (add_net S3)
    (add_net S4)
    (add_net US1P_IN)
    (add_net US1P_OUT)
    (add_net US1_IN)
    (add_net US1_OUT)
    (add_net US2P_IN)
    (add_net US2P_OUT)
    (add_net US2_IN)
    (add_net US2_OUT)
    (add_net USB+)
    (add_net USB++)
    (add_net USB-)
    (add_net USB--)
  )

  (module OptoDevice:Everlight_ITR8307 (layer B.Cu) (tedit 5D3AEBD6) (tstamp 5D39CA62)
    (at 58.42 158.75)
    (descr "package for Everlight ITR8307 with PCB cutout, light-direction upwards, see http://www.everlight.com/file/ProductFile/ITR8307.pdf")
    (tags "refective opto couple photo coupler")
    (path /5D393C47)
    (attr smd)
    (fp_text reference U5 (at -2.8 0 270) (layer B.SilkS)
      (effects (font (size 1 1) (thickness 0.15)) (justify mirror))
    )
    (fp_text value ITR8307 (at 0 -4.8 180) (layer B.Fab)
      (effects (font (size 1 1) (thickness 0.15)) (justify mirror))
    )
    (fp_line (start 2.1 -3.75) (end -2.1 -3.75) (layer B.CrtYd) (width 0.05))
    (fp_line (start 2.1 -3.75) (end 2.1 3.75) (layer B.CrtYd) (width 0.05))
    (fp_line (start -2.1 3.75) (end -2.1 -3.75) (layer B.CrtYd) (width 0.05))
    (fp_line (start -2.1 3.75) (end 2.1 3.75) (layer B.CrtYd) (width 0.05))
    (fp_line (start 1.6 1.3) (end 1.6 -1.3) (layer B.Fab) (width 0.1))
    (fp_line (start 1.6 -1.3) (end -1.6 -1.3) (layer B.Fab) (width 0.1))
    (fp_line (start -1.6 -1.3) (end -1.6 0.8) (layer B.Fab) (width 0.1))
    (fp_line (start -1.1 1.3) (end 1.6 1.3) (layer B.Fab) (width 0.1))
    (fp_line (start -1.6 0.8) (end -1.1 1.3) (layer B.Fab) (width 0.1))
    (fp_line (start 0.5 -1.3) (end 0.5 -3.4) (layer B.Fab) (width 0.1))
    (fp_line (start 0.5 -3.4) (end 1.3 -3.4) (layer B.Fab) (width 0.1))
    (fp_line (start 1.3 -3.4) (end 1.3 -1.3) (layer B.Fab) (width 0.1))
    (fp_line (start -0.5 -1.3) (end -0.5 -3.4) (layer B.Fab) (width 0.1))
    (fp_line (start -0.5 -3.4) (end -1.3 -3.4) (layer B.Fab) (width 0.1))
    (fp_line (start -1.3 -3.4) (end -1.3 -1.3) (layer B.Fab) (width 0.1))
    (fp_line (start -1.3 3.3) (end -1.3 1.1) (layer B.Fab) (width 0.1))
    (fp_line (start -1.3 3.3) (end -0.5 3.3) (layer B.Fab) (width 0.1))
    (fp_line (start -0.5 3.3) (end -0.5 1.3) (layer B.Fab) (width 0.1))
    (fp_line (start 0.5 1.3) (end 0.5 3.3) (layer B.Fab) (width 0.1))
    (fp_line (start 0.5 3.3) (end 1.3 3.3) (layer B.Fab) (width 0.1))
    (fp_line (start 1.3 3.3) (end 1.3 1.3) (layer B.Fab) (width 0.1))
    (fp_line (start -2 -1.95) (end -2 1.7) (layer B.SilkS) (width 0.12))
    (fp_line (start -2 -1.95) (end -1.8 -1.95) (layer B.SilkS) (width 0.12))
    (fp_line (start -1.8 -3.5) (end -1.8 -1.95) (layer B.SilkS) (width 0.12))
    (fp_line (start 2 -1.7) (end 2 1.7) (layer B.SilkS) (width 0.12))
    (fp_text user %R (at 0 -0.2 180) (layer B.Fab)
      (effects (font (size 0.75 0.75) (thickness 0.15)) (justify mirror))
    )
    (pad 4 smd roundrect (at 0.9 2.8) (size 1.2 1.4) (layers B.Cu B.Paste B.Mask) (roundrect_rratio 0.2)
      (net 2 GND))
    (pad 2 smd roundrect (at -0.9 2.8) (size 1.2 1.4) (layers B.Cu B.Paste B.Mask) (roundrect_rratio 0.2)
      (net 32 "Net-(R12-Pad2)"))
    (pad 1 smd roundrect (at -0.9 -2.8) (size 1.2 1.4) (layers B.Cu B.Paste B.Mask) (roundrect_rratio 0.2)
      (net 2 GND))
    (pad 3 smd roundrect (at 0.9 -2.8) (size 1.2 1.4) (layers B.Cu B.Paste B.Mask) (roundrect_rratio 0.2)
      (net 10 "Net-(C15-Pad2)"))
    (model ${KISYS3DMOD}/OptoDevice.3dshapes/Everlight_ITR8307.wrl
      (at (xyz 0 0 0))
      (scale (xyz 1 1 1))
      (rotate (xyz 0 0 0))
    )
  )

  (module OptoDevice:Everlight_ITR8307 (layer B.Cu) (tedit 5D3AEBC8) (tstamp 5D3A1203)
    (at 58.42 115.57)
    (descr "package for Everlight ITR8307 with PCB cutout, light-direction upwards, see http://www.everlight.com/file/ProductFile/ITR8307.pdf")
    (tags "refective opto couple photo coupler")
    (path /5D3A6550)
    (attr smd)
    (fp_text reference U9 (at -2.799999 0 -90) (layer B.SilkS)
      (effects (font (size 1 1) (thickness 0.15)) (justify mirror))
    )
    (fp_text value ITR8307 (at -0.000001 -4.8 180) (layer B.Fab)
      (effects (font (size 1 1) (thickness 0.15)) (justify mirror))
    )
    (fp_text user %R (at 0 -0.2 180) (layer B.Fab)
      (effects (font (size 0.75 0.75) (thickness 0.15)) (justify mirror))
    )
    (fp_line (start 2 -1.7) (end 2 1.7) (layer B.SilkS) (width 0.12))
    (fp_line (start -1.8 -3.5) (end -1.8 -1.95) (layer B.SilkS) (width 0.12))
    (fp_line (start -2 -1.95) (end -1.8 -1.95) (layer B.SilkS) (width 0.12))
    (fp_line (start -2 -1.95) (end -2 1.7) (layer B.SilkS) (width 0.12))
    (fp_line (start 1.3 3.3) (end 1.3 1.3) (layer B.Fab) (width 0.1))
    (fp_line (start 0.5 3.3) (end 1.3 3.3) (layer B.Fab) (width 0.1))
    (fp_line (start 0.5 1.3) (end 0.5 3.3) (layer B.Fab) (width 0.1))
    (fp_line (start -0.5 3.3) (end -0.5 1.3) (layer B.Fab) (width 0.1))
    (fp_line (start -1.3 3.3) (end -0.5 3.3) (layer B.Fab) (width 0.1))
    (fp_line (start -1.3 3.3) (end -1.3 1.1) (layer B.Fab) (width 0.1))
    (fp_line (start -1.3 -3.4) (end -1.3 -1.3) (layer B.Fab) (width 0.1))
    (fp_line (start -0.5 -3.4) (end -1.3 -3.4) (layer B.Fab) (width 0.1))
    (fp_line (start -0.5 -1.3) (end -0.5 -3.4) (layer B.Fab) (width 0.1))
    (fp_line (start 1.3 -3.4) (end 1.3 -1.3) (layer B.Fab) (width 0.1))
    (fp_line (start 0.5 -3.4) (end 1.3 -3.4) (layer B.Fab) (width 0.1))
    (fp_line (start 0.5 -1.3) (end 0.5 -3.4) (layer B.Fab) (width 0.1))
    (fp_line (start -1.6 0.8) (end -1.1 1.3) (layer B.Fab) (width 0.1))
    (fp_line (start -1.1 1.3) (end 1.6 1.3) (layer B.Fab) (width 0.1))
    (fp_line (start -1.6 -1.3) (end -1.6 0.8) (layer B.Fab) (width 0.1))
    (fp_line (start 1.6 -1.3) (end -1.6 -1.3) (layer B.Fab) (width 0.1))
    (fp_line (start 1.6 1.3) (end 1.6 -1.3) (layer B.Fab) (width 0.1))
    (fp_line (start -2.1 3.75) (end 2.1 3.75) (layer B.CrtYd) (width 0.05))
    (fp_line (start -2.1 3.75) (end -2.1 -3.75) (layer B.CrtYd) (width 0.05))
    (fp_line (start 2.1 -3.75) (end 2.1 3.75) (layer B.CrtYd) (width 0.05))
    (fp_line (start 2.1 -3.75) (end -2.1 -3.75) (layer B.CrtYd) (width 0.05))
    (pad 3 smd roundrect (at 0.9 -2.8) (size 1.2 1.4) (layers B.Cu B.Paste B.Mask) (roundrect_rratio 0.2)
      (net 13 "Net-(C21-Pad2)"))
    (pad 1 smd roundrect (at -0.9 -2.8) (size 1.2 1.4) (layers B.Cu B.Paste B.Mask) (roundrect_rratio 0.2)
      (net 2 GND))
    (pad 2 smd roundrect (at -0.9 2.8) (size 1.2 1.4) (layers B.Cu B.Paste B.Mask) (roundrect_rratio 0.2)
      (net 38 "Net-(R18-Pad2)"))
    (pad 4 smd roundrect (at 0.9 2.8) (size 1.2 1.4) (layers B.Cu B.Paste B.Mask) (roundrect_rratio 0.2)
      (net 2 GND))
    (model ${KISYS3DMOD}/OptoDevice.3dshapes/Everlight_ITR8307.wrl
      (at (xyz 0 0 0))
      (scale (xyz 1 1 1))
      (rotate (xyz 0 0 0))
    )
  )

  (module OptoDevice:Everlight_ITR8307 (layer B.Cu) (tedit 5D3AEBB9) (tstamp 5D39CAD7)
    (at 52.07 128.27)
    (descr "package for Everlight ITR8307 with PCB cutout, light-direction upwards, see http://www.everlight.com/file/ProductFile/ITR8307.pdf")
    (tags "refective opto couple photo coupler")
    (path /5D3A2A61)
    (attr smd)
    (fp_text reference U8 (at -2.8 0 -90) (layer B.SilkS)
      (effects (font (size 1 1) (thickness 0.15)) (justify mirror))
    )
    (fp_text value ITR8307 (at 0 -4.8 180) (layer B.Fab)
      (effects (font (size 1 1) (thickness 0.15)) (justify mirror))
    )
    (fp_line (start 2.1 -3.75) (end -2.1 -3.75) (layer B.CrtYd) (width 0.05))
    (fp_line (start 2.1 -3.75) (end 2.1 3.75) (layer B.CrtYd) (width 0.05))
    (fp_line (start -2.1 3.75) (end -2.1 -3.75) (layer B.CrtYd) (width 0.05))
    (fp_line (start -2.1 3.75) (end 2.1 3.75) (layer B.CrtYd) (width 0.05))
    (fp_line (start 1.6 1.3) (end 1.6 -1.3) (layer B.Fab) (width 0.1))
    (fp_line (start 1.6 -1.3) (end -1.6 -1.3) (layer B.Fab) (width 0.1))
    (fp_line (start -1.6 -1.3) (end -1.6 0.8) (layer B.Fab) (width 0.1))
    (fp_line (start -1.1 1.3) (end 1.6 1.3) (layer B.Fab) (width 0.1))
    (fp_line (start -1.6 0.8) (end -1.1 1.3) (layer B.Fab) (width 0.1))
    (fp_line (start 0.5 -1.3) (end 0.5 -3.4) (layer B.Fab) (width 0.1))
    (fp_line (start 0.5 -3.4) (end 1.3 -3.4) (layer B.Fab) (width 0.1))
    (fp_line (start 1.3 -3.4) (end 1.3 -1.3) (layer B.Fab) (width 0.1))
    (fp_line (start -0.5 -1.3) (end -0.5 -3.4) (layer B.Fab) (width 0.1))
    (fp_line (start -0.5 -3.4) (end -1.3 -3.4) (layer B.Fab) (width 0.1))
    (fp_line (start -1.3 -3.4) (end -1.3 -1.3) (layer B.Fab) (width 0.1))
    (fp_line (start -1.3 3.3) (end -1.3 1.1) (layer B.Fab) (width 0.1))
    (fp_line (start -1.3 3.3) (end -0.5 3.3) (layer B.Fab) (width 0.1))
    (fp_line (start -0.5 3.3) (end -0.5 1.3) (layer B.Fab) (width 0.1))
    (fp_line (start 0.5 1.3) (end 0.5 3.3) (layer B.Fab) (width 0.1))
    (fp_line (start 0.5 3.3) (end 1.3 3.3) (layer B.Fab) (width 0.1))
    (fp_line (start 1.3 3.3) (end 1.3 1.3) (layer B.Fab) (width 0.1))
    (fp_line (start -2 -1.95) (end -2 1.7) (layer B.SilkS) (width 0.12))
    (fp_line (start -2 -1.95) (end -1.8 -1.95) (layer B.SilkS) (width 0.12))
    (fp_line (start -1.8 -3.5) (end -1.8 -1.95) (layer B.SilkS) (width 0.12))
    (fp_line (start 2 -1.7) (end 2 1.7) (layer B.SilkS) (width 0.12))
    (fp_text user %R (at 0 -0.2 180) (layer B.Fab)
      (effects (font (size 0.75 0.75) (thickness 0.15)) (justify mirror))
    )
    (pad 4 smd roundrect (at 0.9 2.8) (size 1.2 1.4) (layers B.Cu B.Paste B.Mask) (roundrect_rratio 0.2)
      (net 2 GND))
    (pad 2 smd roundrect (at -0.9 2.8) (size 1.2 1.4) (layers B.Cu B.Paste B.Mask) (roundrect_rratio 0.2)
      (net 36 "Net-(R16-Pad2)"))
    (pad 1 smd roundrect (at -0.9 -2.8) (size 1.2 1.4) (layers B.Cu B.Paste B.Mask) (roundrect_rratio 0.2)
      (net 2 GND))
    (pad 3 smd roundrect (at 0.9 -2.8) (size 1.2 1.4) (layers B.Cu B.Paste B.Mask) (roundrect_rratio 0.2)
      (net 12 "Net-(C18-Pad2)"))
    (model ${KISYS3DMOD}/OptoDevice.3dshapes/Everlight_ITR8307.wrl
      (at (xyz 0 0 0))
      (scale (xyz 1 1 1))
      (rotate (xyz 0 0 0))
    )
  )

  (module OptoDevice:Everlight_ITR8307 (layer B.Cu) (tedit 5D3AEB9E) (tstamp 5D39CAB1)
    (at 52.07 146.05)
    (descr "package for Everlight ITR8307 with PCB cutout, light-direction upwards, see http://www.everlight.com/file/ProductFile/ITR8307.pdf")
    (tags "refective opto couple photo coupler")
    (path /5D3A0E68)
    (attr smd)
    (fp_text reference U7 (at -2.799999 0 270) (layer B.SilkS)
      (effects (font (size 1 1) (thickness 0.15)) (justify mirror))
    )
    (fp_text value ITR8307 (at 0.000001 -4.8 180) (layer B.Fab)
      (effects (font (size 1 1) (thickness 0.15)) (justify mirror))
    )
    (fp_line (start 2.1 -3.75) (end -2.1 -3.75) (layer B.CrtYd) (width 0.05))
    (fp_line (start 2.1 -3.75) (end 2.1 3.75) (layer B.CrtYd) (width 0.05))
    (fp_line (start -2.1 3.75) (end -2.1 -3.75) (layer B.CrtYd) (width 0.05))
    (fp_line (start -2.1 3.75) (end 2.1 3.75) (layer B.CrtYd) (width 0.05))
    (fp_line (start 1.6 1.3) (end 1.6 -1.3) (layer B.Fab) (width 0.1))
    (fp_line (start 1.6 -1.3) (end -1.6 -1.3) (layer B.Fab) (width 0.1))
    (fp_line (start -1.6 -1.3) (end -1.6 0.8) (layer B.Fab) (width 0.1))
    (fp_line (start -1.1 1.3) (end 1.6 1.3) (layer B.Fab) (width 0.1))
    (fp_line (start -1.6 0.8) (end -1.1 1.3) (layer B.Fab) (width 0.1))
    (fp_line (start 0.5 -1.3) (end 0.5 -3.4) (layer B.Fab) (width 0.1))
    (fp_line (start 0.5 -3.4) (end 1.3 -3.4) (layer B.Fab) (width 0.1))
    (fp_line (start 1.3 -3.4) (end 1.3 -1.3) (layer B.Fab) (width 0.1))
    (fp_line (start -0.5 -1.3) (end -0.5 -3.4) (layer B.Fab) (width 0.1))
    (fp_line (start -0.5 -3.4) (end -1.3 -3.4) (layer B.Fab) (width 0.1))
    (fp_line (start -1.3 -3.4) (end -1.3 -1.3) (layer B.Fab) (width 0.1))
    (fp_line (start -1.3 3.3) (end -1.3 1.1) (layer B.Fab) (width 0.1))
    (fp_line (start -1.3 3.3) (end -0.5 3.3) (layer B.Fab) (width 0.1))
    (fp_line (start -0.5 3.3) (end -0.5 1.3) (layer B.Fab) (width 0.1))
    (fp_line (start 0.5 1.3) (end 0.5 3.3) (layer B.Fab) (width 0.1))
    (fp_line (start 0.5 3.3) (end 1.3 3.3) (layer B.Fab) (width 0.1))
    (fp_line (start 1.3 3.3) (end 1.3 1.3) (layer B.Fab) (width 0.1))
    (fp_line (start -2 -1.95) (end -2 1.7) (layer B.SilkS) (width 0.12))
    (fp_line (start -2 -1.95) (end -1.8 -1.95) (layer B.SilkS) (width 0.12))
    (fp_line (start -1.8 -3.5) (end -1.8 -1.95) (layer B.SilkS) (width 0.12))
    (fp_line (start 2 -1.7) (end 2 1.7) (layer B.SilkS) (width 0.12))
    (fp_text user %R (at 0 -0.2 180) (layer B.Fab)
      (effects (font (size 0.75 0.75) (thickness 0.15)) (justify mirror))
    )
    (pad 4 smd roundrect (at 0.9 2.8) (size 1.2 1.4) (layers B.Cu B.Paste B.Mask) (roundrect_rratio 0.2)
      (net 2 GND))
    (pad 2 smd roundrect (at -0.9 2.8) (size 1.2 1.4) (layers B.Cu B.Paste B.Mask) (roundrect_rratio 0.2)
      (net 34 "Net-(R14-Pad2)"))
    (pad 1 smd roundrect (at -0.9 -2.8) (size 1.2 1.4) (layers B.Cu B.Paste B.Mask) (roundrect_rratio 0.2)
      (net 2 GND))
    (pad 3 smd roundrect (at 0.9 -2.8) (size 1.2 1.4) (layers B.Cu B.Paste B.Mask) (roundrect_rratio 0.2)
      (net 11 "Net-(C17-Pad2)"))
    (model ${KISYS3DMOD}/OptoDevice.3dshapes/Everlight_ITR8307.wrl
      (at (xyz 0 0 0))
      (scale (xyz 1 1 1))
      (rotate (xyz 0 0 0))
    )
  )

  (module Connector_PinHeader_2.54mm:PinHeader_1x02_P2.54mm_Vertical (layer F.Cu) (tedit 59FED5CC) (tstamp 5D39C4D8)
    (at 199.898 52.07)
    (descr "Through hole straight pin header, 1x02, 2.54mm pitch, single row")
    (tags "Through hole pin header THT 1x02 2.54mm single row")
    (path /5D78FA5A)
    (fp_text reference BOOT_PIN1 (at 0 -2.33) (layer F.SilkS)
      (effects (font (size 1 1) (thickness 0.15)))
    )
    (fp_text value Conn_01x02 (at 0 4.87) (layer F.Fab)
      (effects (font (size 1 1) (thickness 0.15)))
    )
    (fp_line (start -0.635 -1.27) (end 1.27 -1.27) (layer F.Fab) (width 0.1))
    (fp_line (start 1.27 -1.27) (end 1.27 3.81) (layer F.Fab) (width 0.1))
    (fp_line (start 1.27 3.81) (end -1.27 3.81) (layer F.Fab) (width 0.1))
    (fp_line (start -1.27 3.81) (end -1.27 -0.635) (layer F.Fab) (width 0.1))
    (fp_line (start -1.27 -0.635) (end -0.635 -1.27) (layer F.Fab) (width 0.1))
    (fp_line (start -1.33 3.87) (end 1.33 3.87) (layer F.SilkS) (width 0.12))
    (fp_line (start -1.33 1.27) (end -1.33 3.87) (layer F.SilkS) (width 0.12))
    (fp_line (start 1.33 1.27) (end 1.33 3.87) (layer F.SilkS) (width 0.12))
    (fp_line (start -1.33 1.27) (end 1.33 1.27) (layer F.SilkS) (width 0.12))
    (fp_line (start -1.33 0) (end -1.33 -1.33) (layer F.SilkS) (width 0.12))
    (fp_line (start -1.33 -1.33) (end 0 -1.33) (layer F.SilkS) (width 0.12))
    (fp_line (start -1.8 -1.8) (end -1.8 4.35) (layer F.CrtYd) (width 0.05))
    (fp_line (start -1.8 4.35) (end 1.8 4.35) (layer F.CrtYd) (width 0.05))
    (fp_line (start 1.8 4.35) (end 1.8 -1.8) (layer F.CrtYd) (width 0.05))
    (fp_line (start 1.8 -1.8) (end -1.8 -1.8) (layer F.CrtYd) (width 0.05))
    (fp_text user %R (at 0 1.27 90) (layer F.Fab)
      (effects (font (size 1 1) (thickness 0.15)))
    )
    (pad 1 thru_hole rect (at 0 0) (size 1.7 1.7) (drill 1) (layers *.Cu *.Mask)
      (net 31 BOOT0))
    (pad 2 thru_hole oval (at 0 2.54) (size 1.7 1.7) (drill 1) (layers *.Cu *.Mask)
      (net 60 BOOT1))
    (model ${KISYS3DMOD}/Connector_PinHeader_2.54mm.3dshapes/PinHeader_1x02_P2.54mm_Vertical.wrl
      (at (xyz 0 0 0))
      (scale (xyz 1 1 1))
      (rotate (xyz 0 0 0))
    )
  )

  (module Connector_PinHeader_2.54mm:PinHeader_1x02_P2.54mm_Vertical (layer F.Cu) (tedit 59FED5CC) (tstamp 5D39C4EE)
    (at 73.406 117.348 180)
    (descr "Through hole straight pin header, 1x02, 2.54mm pitch, single row")
    (tags "Through hole pin header THT 1x02 2.54mm single row")
    (path /5D78F83D)
    (fp_text reference BOOT_PIN2 (at 0 -2.33) (layer F.SilkS)
      (effects (font (size 1 1) (thickness 0.15)))
    )
    (fp_text value Conn_01x02 (at 0 4.87) (layer F.Fab)
      (effects (font (size 1 1) (thickness 0.15)))
    )
    (fp_text user %R (at 0 1.27 90) (layer F.Fab)
      (effects (font (size 1 1) (thickness 0.15)))
    )
    (fp_line (start 1.8 -1.8) (end -1.8 -1.8) (layer F.CrtYd) (width 0.05))
    (fp_line (start 1.8 4.35) (end 1.8 -1.8) (layer F.CrtYd) (width 0.05))
    (fp_line (start -1.8 4.35) (end 1.8 4.35) (layer F.CrtYd) (width 0.05))
    (fp_line (start -1.8 -1.8) (end -1.8 4.35) (layer F.CrtYd) (width 0.05))
    (fp_line (start -1.33 -1.33) (end 0 -1.33) (layer F.SilkS) (width 0.12))
    (fp_line (start -1.33 0) (end -1.33 -1.33) (layer F.SilkS) (width 0.12))
    (fp_line (start -1.33 1.27) (end 1.33 1.27) (layer F.SilkS) (width 0.12))
    (fp_line (start 1.33 1.27) (end 1.33 3.87) (layer F.SilkS) (width 0.12))
    (fp_line (start -1.33 1.27) (end -1.33 3.87) (layer F.SilkS) (width 0.12))
    (fp_line (start -1.33 3.87) (end 1.33 3.87) (layer F.SilkS) (width 0.12))
    (fp_line (start -1.27 -0.635) (end -0.635 -1.27) (layer F.Fab) (width 0.1))
    (fp_line (start -1.27 3.81) (end -1.27 -0.635) (layer F.Fab) (width 0.1))
    (fp_line (start 1.27 3.81) (end -1.27 3.81) (layer F.Fab) (width 0.1))
    (fp_line (start 1.27 -1.27) (end 1.27 3.81) (layer F.Fab) (width 0.1))
    (fp_line (start -0.635 -1.27) (end 1.27 -1.27) (layer F.Fab) (width 0.1))
    (pad 2 thru_hole oval (at 0 2.54 180) (size 1.7 1.7) (drill 1) (layers *.Cu *.Mask)
      (net 61 BOOT0_B))
    (pad 1 thru_hole rect (at 0 0 180) (size 1.7 1.7) (drill 1) (layers *.Cu *.Mask)
      (net 62 BOOT1_B))
    (model ${KISYS3DMOD}/Connector_PinHeader_2.54mm.3dshapes/PinHeader_1x02_P2.54mm_Vertical.wrl
      (at (xyz 0 0 0))
      (scale (xyz 1 1 1))
      (rotate (xyz 0 0 0))
    )
  )

  (module Capacitor_SMD:C_0805_2012Metric_Pad1.15x1.40mm_HandSolder (layer F.Cu) (tedit 5B36C52B) (tstamp 5D39C4FF)
    (at 46.727 145.288)
    (descr "Capacitor SMD 0805 (2012 Metric), square (rectangular) end terminal, IPC_7351 nominal with elongated pad for handsoldering. (Body size source: https://docs.google.com/spreadsheets/d/1BsfQQcO9C6DZCsRaXUlFlo91Tg2WpOkGARC1WS5S8t0/edit?usp=sharing), generated with kicad-footprint-generator")
    (tags "capacitor handsolder")
    (path /5D37C396)
    (attr smd)
    (fp_text reference C1 (at 0 -1.65) (layer F.SilkS)
      (effects (font (size 1 1) (thickness 0.15)))
    )
    (fp_text value 100n (at 0 1.65) (layer F.Fab)
      (effects (font (size 1 1) (thickness 0.15)))
    )
    (fp_line (start -1 0.6) (end -1 -0.6) (layer F.Fab) (width 0.1))
    (fp_line (start -1 -0.6) (end 1 -0.6) (layer F.Fab) (width 0.1))
    (fp_line (start 1 -0.6) (end 1 0.6) (layer F.Fab) (width 0.1))
    (fp_line (start 1 0.6) (end -1 0.6) (layer F.Fab) (width 0.1))
    (fp_line (start -0.261252 -0.71) (end 0.261252 -0.71) (layer F.SilkS) (width 0.12))
    (fp_line (start -0.261252 0.71) (end 0.261252 0.71) (layer F.SilkS) (width 0.12))
    (fp_line (start -1.85 0.95) (end -1.85 -0.95) (layer F.CrtYd) (width 0.05))
    (fp_line (start -1.85 -0.95) (end 1.85 -0.95) (layer F.CrtYd) (width 0.05))
    (fp_line (start 1.85 -0.95) (end 1.85 0.95) (layer F.CrtYd) (width 0.05))
    (fp_line (start 1.85 0.95) (end -1.85 0.95) (layer F.CrtYd) (width 0.05))
    (fp_text user %R (at 0 0) (layer F.Fab)
      (effects (font (size 0.5 0.5) (thickness 0.08)))
    )
    (pad 1 smd roundrect (at -1.025 0) (size 1.15 1.4) (layers F.Cu F.Paste F.Mask) (roundrect_rratio 0.217391)
      (net 2 GND))
    (pad 2 smd roundrect (at 1.025 0) (size 1.15 1.4) (layers F.Cu F.Paste F.Mask) (roundrect_rratio 0.217391)
      (net 1 RST))
    (model ${KISYS3DMOD}/Capacitor_SMD.3dshapes/C_0805_2012Metric.wrl
      (at (xyz 0 0 0))
      (scale (xyz 1 1 1))
      (rotate (xyz 0 0 0))
    )
  )

  (module Capacitor_SMD:C_0805_2012Metric_Pad1.15x1.40mm_HandSolder (layer F.Cu) (tedit 5B36C52B) (tstamp 5D3A587E)
    (at 53.34 142.24)
    (descr "Capacitor SMD 0805 (2012 Metric), square (rectangular) end terminal, IPC_7351 nominal with elongated pad for handsoldering. (Body size source: https://docs.google.com/spreadsheets/d/1BsfQQcO9C6DZCsRaXUlFlo91Tg2WpOkGARC1WS5S8t0/edit?usp=sharing), generated with kicad-footprint-generator")
    (tags "capacitor handsolder")
    (path /5D370B75)
    (attr smd)
    (fp_text reference C2 (at 0 -1.65) (layer F.SilkS)
      (effects (font (size 1 1) (thickness 0.15)))
    )
    (fp_text value 100n (at 0 1.65) (layer F.Fab)
      (effects (font (size 1 1) (thickness 0.15)))
    )
    (fp_line (start -1 0.6) (end -1 -0.6) (layer F.Fab) (width 0.1))
    (fp_line (start -1 -0.6) (end 1 -0.6) (layer F.Fab) (width 0.1))
    (fp_line (start 1 -0.6) (end 1 0.6) (layer F.Fab) (width 0.1))
    (fp_line (start 1 0.6) (end -1 0.6) (layer F.Fab) (width 0.1))
    (fp_line (start -0.261252 -0.71) (end 0.261252 -0.71) (layer F.SilkS) (width 0.12))
    (fp_line (start -0.261252 0.71) (end 0.261252 0.71) (layer F.SilkS) (width 0.12))
    (fp_line (start -1.85 0.95) (end -1.85 -0.95) (layer F.CrtYd) (width 0.05))
    (fp_line (start -1.85 -0.95) (end 1.85 -0.95) (layer F.CrtYd) (width 0.05))
    (fp_line (start 1.85 -0.95) (end 1.85 0.95) (layer F.CrtYd) (width 0.05))
    (fp_line (start 1.85 0.95) (end -1.85 0.95) (layer F.CrtYd) (width 0.05))
    (fp_text user %R (at 0 0) (layer F.Fab)
      (effects (font (size 0.5 0.5) (thickness 0.08)))
    )
    (pad 1 smd roundrect (at -1.025 0) (size 1.15 1.4) (layers F.Cu F.Paste F.Mask) (roundrect_rratio 0.217391)
      (net 3 "Net-(C2-Pad1)"))
    (pad 2 smd roundrect (at 1.025 0) (size 1.15 1.4) (layers F.Cu F.Paste F.Mask) (roundrect_rratio 0.217391)
      (net 2 GND))
    (model ${KISYS3DMOD}/Capacitor_SMD.3dshapes/C_0805_2012Metric.wrl
      (at (xyz 0 0 0))
      (scale (xyz 1 1 1))
      (rotate (xyz 0 0 0))
    )
  )

  (module Capacitor_SMD:C_0805_2012Metric_Pad1.15x1.40mm_HandSolder (layer F.Cu) (tedit 5B36C52B) (tstamp 5D39C521)
    (at 82.55 30.226 270)
    (descr "Capacitor SMD 0805 (2012 Metric), square (rectangular) end terminal, IPC_7351 nominal with elongated pad for handsoldering. (Body size source: https://docs.google.com/spreadsheets/d/1BsfQQcO9C6DZCsRaXUlFlo91Tg2WpOkGARC1WS5S8t0/edit?usp=sharing), generated with kicad-footprint-generator")
    (tags "capacitor handsolder")
    (path /5D631C1B)
    (attr smd)
    (fp_text reference C3 (at 0 -1.65 90) (layer F.SilkS)
      (effects (font (size 1 1) (thickness 0.15)))
    )
    (fp_text value 100n (at 0 1.65 90) (layer F.Fab)
      (effects (font (size 1 1) (thickness 0.15)))
    )
    (fp_text user %R (at 0 0 90) (layer F.Fab)
      (effects (font (size 0.5 0.5) (thickness 0.08)))
    )
    (fp_line (start 1.85 0.95) (end -1.85 0.95) (layer F.CrtYd) (width 0.05))
    (fp_line (start 1.85 -0.95) (end 1.85 0.95) (layer F.CrtYd) (width 0.05))
    (fp_line (start -1.85 -0.95) (end 1.85 -0.95) (layer F.CrtYd) (width 0.05))
    (fp_line (start -1.85 0.95) (end -1.85 -0.95) (layer F.CrtYd) (width 0.05))
    (fp_line (start -0.261252 0.71) (end 0.261252 0.71) (layer F.SilkS) (width 0.12))
    (fp_line (start -0.261252 -0.71) (end 0.261252 -0.71) (layer F.SilkS) (width 0.12))
    (fp_line (start 1 0.6) (end -1 0.6) (layer F.Fab) (width 0.1))
    (fp_line (start 1 -0.6) (end 1 0.6) (layer F.Fab) (width 0.1))
    (fp_line (start -1 -0.6) (end 1 -0.6) (layer F.Fab) (width 0.1))
    (fp_line (start -1 0.6) (end -1 -0.6) (layer F.Fab) (width 0.1))
    (pad 2 smd roundrect (at 1.025 0 270) (size 1.15 1.4) (layers F.Cu F.Paste F.Mask) (roundrect_rratio 0.217391)
      (net 2 GND))
    (pad 1 smd roundrect (at -1.025 0 270) (size 1.15 1.4) (layers F.Cu F.Paste F.Mask) (roundrect_rratio 0.217391)
      (net 4 +5V))
    (model ${KISYS3DMOD}/Capacitor_SMD.3dshapes/C_0805_2012Metric.wrl
      (at (xyz 0 0 0))
      (scale (xyz 1 1 1))
      (rotate (xyz 0 0 0))
    )
  )

  (module Capacitor_SMD:C_0805_2012Metric_Pad1.15x1.40mm_HandSolder (layer B.Cu) (tedit 5B36C52B) (tstamp 5D3AEFC3)
    (at 120.405 112.014 180)
    (descr "Capacitor SMD 0805 (2012 Metric), square (rectangular) end terminal, IPC_7351 nominal with elongated pad for handsoldering. (Body size source: https://docs.google.com/spreadsheets/d/1BsfQQcO9C6DZCsRaXUlFlo91Tg2WpOkGARC1WS5S8t0/edit?usp=sharing), generated with kicad-footprint-generator")
    (tags "capacitor handsolder")
    (path /5D382889)
    (attr smd)
    (fp_text reference C4 (at 0 1.65) (layer B.SilkS)
      (effects (font (size 1 1) (thickness 0.15)) (justify mirror))
    )
    (fp_text value 10p (at 0 -1.65) (layer B.Fab)
      (effects (font (size 1 1) (thickness 0.15)) (justify mirror))
    )
    (fp_line (start -1 -0.6) (end -1 0.6) (layer B.Fab) (width 0.1))
    (fp_line (start -1 0.6) (end 1 0.6) (layer B.Fab) (width 0.1))
    (fp_line (start 1 0.6) (end 1 -0.6) (layer B.Fab) (width 0.1))
    (fp_line (start 1 -0.6) (end -1 -0.6) (layer B.Fab) (width 0.1))
    (fp_line (start -0.261252 0.71) (end 0.261252 0.71) (layer B.SilkS) (width 0.12))
    (fp_line (start -0.261252 -0.71) (end 0.261252 -0.71) (layer B.SilkS) (width 0.12))
    (fp_line (start -1.85 -0.95) (end -1.85 0.95) (layer B.CrtYd) (width 0.05))
    (fp_line (start -1.85 0.95) (end 1.85 0.95) (layer B.CrtYd) (width 0.05))
    (fp_line (start 1.85 0.95) (end 1.85 -0.95) (layer B.CrtYd) (width 0.05))
    (fp_line (start 1.85 -0.95) (end -1.85 -0.95) (layer B.CrtYd) (width 0.05))
    (fp_text user %R (at 0 0) (layer B.Fab)
      (effects (font (size 0.5 0.5) (thickness 0.08)) (justify mirror))
    )
    (pad 1 smd roundrect (at -1.025 0 180) (size 1.15 1.4) (layers B.Cu B.Paste B.Mask) (roundrect_rratio 0.217391)
      (net 5 OSC32-IN))
    (pad 2 smd roundrect (at 1.025 0 180) (size 1.15 1.4) (layers B.Cu B.Paste B.Mask) (roundrect_rratio 0.217391)
      (net 2 GND))
    (model ${KISYS3DMOD}/Capacitor_SMD.3dshapes/C_0805_2012Metric.wrl
      (at (xyz 0 0 0))
      (scale (xyz 1 1 1))
      (rotate (xyz 0 0 0))
    )
  )

  (module Capacitor_SMD:C_0805_2012Metric_Pad1.15x1.40mm_HandSolder (layer B.Cu) (tedit 5B36C52B) (tstamp 5D3AEF63)
    (at 119.38 132.334 180)
    (descr "Capacitor SMD 0805 (2012 Metric), square (rectangular) end terminal, IPC_7351 nominal with elongated pad for handsoldering. (Body size source: https://docs.google.com/spreadsheets/d/1BsfQQcO9C6DZCsRaXUlFlo91Tg2WpOkGARC1WS5S8t0/edit?usp=sharing), generated with kicad-footprint-generator")
    (tags "capacitor handsolder")
    (path /5D3818FB)
    (attr smd)
    (fp_text reference C5 (at 0 1.65) (layer B.SilkS)
      (effects (font (size 1 1) (thickness 0.15)) (justify mirror))
    )
    (fp_text value 10p (at 0 -1.65) (layer B.Fab)
      (effects (font (size 1 1) (thickness 0.15)) (justify mirror))
    )
    (fp_text user %R (at 0 0) (layer B.Fab)
      (effects (font (size 0.5 0.5) (thickness 0.08)) (justify mirror))
    )
    (fp_line (start 1.85 -0.95) (end -1.85 -0.95) (layer B.CrtYd) (width 0.05))
    (fp_line (start 1.85 0.95) (end 1.85 -0.95) (layer B.CrtYd) (width 0.05))
    (fp_line (start -1.85 0.95) (end 1.85 0.95) (layer B.CrtYd) (width 0.05))
    (fp_line (start -1.85 -0.95) (end -1.85 0.95) (layer B.CrtYd) (width 0.05))
    (fp_line (start -0.261252 -0.71) (end 0.261252 -0.71) (layer B.SilkS) (width 0.12))
    (fp_line (start -0.261252 0.71) (end 0.261252 0.71) (layer B.SilkS) (width 0.12))
    (fp_line (start 1 -0.6) (end -1 -0.6) (layer B.Fab) (width 0.1))
    (fp_line (start 1 0.6) (end 1 -0.6) (layer B.Fab) (width 0.1))
    (fp_line (start -1 0.6) (end 1 0.6) (layer B.Fab) (width 0.1))
    (fp_line (start -1 -0.6) (end -1 0.6) (layer B.Fab) (width 0.1))
    (pad 2 smd roundrect (at 1.025 0 180) (size 1.15 1.4) (layers B.Cu B.Paste B.Mask) (roundrect_rratio 0.217391)
      (net 6 OSC32-OUT))
    (pad 1 smd roundrect (at -1.025 0 180) (size 1.15 1.4) (layers B.Cu B.Paste B.Mask) (roundrect_rratio 0.217391)
      (net 2 GND))
    (model ${KISYS3DMOD}/Capacitor_SMD.3dshapes/C_0805_2012Metric.wrl
      (at (xyz 0 0 0))
      (scale (xyz 1 1 1))
      (rotate (xyz 0 0 0))
    )
  )

  (module Capacitor_SMD:C_0805_2012Metric_Pad1.15x1.40mm_HandSolder (layer B.Cu) (tedit 5B36C52B) (tstamp 5D3AEF93)
    (at 109.719 132.334)
    (descr "Capacitor SMD 0805 (2012 Metric), square (rectangular) end terminal, IPC_7351 nominal with elongated pad for handsoldering. (Body size source: https://docs.google.com/spreadsheets/d/1BsfQQcO9C6DZCsRaXUlFlo91Tg2WpOkGARC1WS5S8t0/edit?usp=sharing), generated with kicad-footprint-generator")
    (tags "capacitor handsolder")
    (path /5D38AF44)
    (attr smd)
    (fp_text reference C6 (at 0 1.65) (layer B.SilkS)
      (effects (font (size 1 1) (thickness 0.15)) (justify mirror))
    )
    (fp_text value 22p (at 0 -1.65) (layer B.Fab)
      (effects (font (size 1 1) (thickness 0.15)) (justify mirror))
    )
    (fp_text user %R (at 0 0) (layer B.Fab)
      (effects (font (size 0.5 0.5) (thickness 0.08)) (justify mirror))
    )
    (fp_line (start 1.85 -0.95) (end -1.85 -0.95) (layer B.CrtYd) (width 0.05))
    (fp_line (start 1.85 0.95) (end 1.85 -0.95) (layer B.CrtYd) (width 0.05))
    (fp_line (start -1.85 0.95) (end 1.85 0.95) (layer B.CrtYd) (width 0.05))
    (fp_line (start -1.85 -0.95) (end -1.85 0.95) (layer B.CrtYd) (width 0.05))
    (fp_line (start -0.261252 -0.71) (end 0.261252 -0.71) (layer B.SilkS) (width 0.12))
    (fp_line (start -0.261252 0.71) (end 0.261252 0.71) (layer B.SilkS) (width 0.12))
    (fp_line (start 1 -0.6) (end -1 -0.6) (layer B.Fab) (width 0.1))
    (fp_line (start 1 0.6) (end 1 -0.6) (layer B.Fab) (width 0.1))
    (fp_line (start -1 0.6) (end 1 0.6) (layer B.Fab) (width 0.1))
    (fp_line (start -1 -0.6) (end -1 0.6) (layer B.Fab) (width 0.1))
    (pad 2 smd roundrect (at 1.025 0) (size 1.15 1.4) (layers B.Cu B.Paste B.Mask) (roundrect_rratio 0.217391)
      (net 2 GND))
    (pad 1 smd roundrect (at -1.025 0) (size 1.15 1.4) (layers B.Cu B.Paste B.Mask) (roundrect_rratio 0.217391)
      (net 7 OSC-IN))
    (model ${KISYS3DMOD}/Capacitor_SMD.3dshapes/C_0805_2012Metric.wrl
      (at (xyz 0 0 0))
      (scale (xyz 1 1 1))
      (rotate (xyz 0 0 0))
    )
  )

  (module Capacitor_SMD:C_0805_2012Metric_Pad1.15x1.40mm_HandSolder (layer B.Cu) (tedit 5B36C52B) (tstamp 5D3AEF33)
    (at 109.229 112.014 180)
    (descr "Capacitor SMD 0805 (2012 Metric), square (rectangular) end terminal, IPC_7351 nominal with elongated pad for handsoldering. (Body size source: https://docs.google.com/spreadsheets/d/1BsfQQcO9C6DZCsRaXUlFlo91Tg2WpOkGARC1WS5S8t0/edit?usp=sharing), generated with kicad-footprint-generator")
    (tags "capacitor handsolder")
    (path /5D373492)
    (attr smd)
    (fp_text reference C7 (at 0 1.65) (layer B.SilkS)
      (effects (font (size 1 1) (thickness 0.15)) (justify mirror))
    )
    (fp_text value 22p (at 0 -1.65) (layer B.Fab)
      (effects (font (size 1 1) (thickness 0.15)) (justify mirror))
    )
    (fp_line (start -1 -0.6) (end -1 0.6) (layer B.Fab) (width 0.1))
    (fp_line (start -1 0.6) (end 1 0.6) (layer B.Fab) (width 0.1))
    (fp_line (start 1 0.6) (end 1 -0.6) (layer B.Fab) (width 0.1))
    (fp_line (start 1 -0.6) (end -1 -0.6) (layer B.Fab) (width 0.1))
    (fp_line (start -0.261252 0.71) (end 0.261252 0.71) (layer B.SilkS) (width 0.12))
    (fp_line (start -0.261252 -0.71) (end 0.261252 -0.71) (layer B.SilkS) (width 0.12))
    (fp_line (start -1.85 -0.95) (end -1.85 0.95) (layer B.CrtYd) (width 0.05))
    (fp_line (start -1.85 0.95) (end 1.85 0.95) (layer B.CrtYd) (width 0.05))
    (fp_line (start 1.85 0.95) (end 1.85 -0.95) (layer B.CrtYd) (width 0.05))
    (fp_line (start 1.85 -0.95) (end -1.85 -0.95) (layer B.CrtYd) (width 0.05))
    (fp_text user %R (at 0 0) (layer B.Fab)
      (effects (font (size 0.5 0.5) (thickness 0.08)) (justify mirror))
    )
    (pad 1 smd roundrect (at -1.025 0 180) (size 1.15 1.4) (layers B.Cu B.Paste B.Mask) (roundrect_rratio 0.217391)
      (net 2 GND))
    (pad 2 smd roundrect (at 1.025 0 180) (size 1.15 1.4) (layers B.Cu B.Paste B.Mask) (roundrect_rratio 0.217391)
      (net 8 OSC-OUT))
    (model ${KISYS3DMOD}/Capacitor_SMD.3dshapes/C_0805_2012Metric.wrl
      (at (xyz 0 0 0))
      (scale (xyz 1 1 1))
      (rotate (xyz 0 0 0))
    )
  )

  (module Capacitor_SMD:C_0805_2012Metric_Pad1.15x1.40mm_HandSolder (layer F.Cu) (tedit 5B36C52B) (tstamp 5D39C576)
    (at 82.55 4.826 90)
    (descr "Capacitor SMD 0805 (2012 Metric), square (rectangular) end terminal, IPC_7351 nominal with elongated pad for handsoldering. (Body size source: https://docs.google.com/spreadsheets/d/1BsfQQcO9C6DZCsRaXUlFlo91Tg2WpOkGARC1WS5S8t0/edit?usp=sharing), generated with kicad-footprint-generator")
    (tags "capacitor handsolder")
    (path /5D632070)
    (attr smd)
    (fp_text reference C8 (at 0 -1.65 90) (layer F.SilkS)
      (effects (font (size 1 1) (thickness 0.15)))
    )
    (fp_text value 100n (at 0 1.65 90) (layer F.Fab)
      (effects (font (size 1 1) (thickness 0.15)))
    )
    (fp_line (start -1 0.6) (end -1 -0.6) (layer F.Fab) (width 0.1))
    (fp_line (start -1 -0.6) (end 1 -0.6) (layer F.Fab) (width 0.1))
    (fp_line (start 1 -0.6) (end 1 0.6) (layer F.Fab) (width 0.1))
    (fp_line (start 1 0.6) (end -1 0.6) (layer F.Fab) (width 0.1))
    (fp_line (start -0.261252 -0.71) (end 0.261252 -0.71) (layer F.SilkS) (width 0.12))
    (fp_line (start -0.261252 0.71) (end 0.261252 0.71) (layer F.SilkS) (width 0.12))
    (fp_line (start -1.85 0.95) (end -1.85 -0.95) (layer F.CrtYd) (width 0.05))
    (fp_line (start -1.85 -0.95) (end 1.85 -0.95) (layer F.CrtYd) (width 0.05))
    (fp_line (start 1.85 -0.95) (end 1.85 0.95) (layer F.CrtYd) (width 0.05))
    (fp_line (start 1.85 0.95) (end -1.85 0.95) (layer F.CrtYd) (width 0.05))
    (fp_text user %R (at 0 0 90) (layer F.Fab)
      (effects (font (size 0.5 0.5) (thickness 0.08)))
    )
    (pad 1 smd roundrect (at -1.025 0 90) (size 1.15 1.4) (layers F.Cu F.Paste F.Mask) (roundrect_rratio 0.217391)
      (net 14 EXT_VCC))
    (pad 2 smd roundrect (at 1.025 0 90) (size 1.15 1.4) (layers F.Cu F.Paste F.Mask) (roundrect_rratio 0.217391)
      (net 2 GND))
    (model ${KISYS3DMOD}/Capacitor_SMD.3dshapes/C_0805_2012Metric.wrl
      (at (xyz 0 0 0))
      (scale (xyz 1 1 1))
      (rotate (xyz 0 0 0))
    )
  )

  (module Capacitor_SMD:C_0805_2012Metric_Pad1.15x1.40mm_HandSolder (layer F.Cu) (tedit 5B36C52B) (tstamp 5D39C587)
    (at 112.025001 60.915001)
